clear all
B=[1 2;3 4]

B =

     1     2
     3     4

A=B.*
 A=B.*
      
{Error: Invalid expression. Check for missing or extra characters.
} 
A=B.*2

A =

     2     4
     6     8

C=[-5 5;5 3]

C =

    -5     5
     5     3

C=A+B

C =

     3     6
     9    12

D=B+A

D =

     3     6
     9    12

C=D

C =

     3     6
     9    12

%same%
C=[-5 5;5 3]

C =

    -5     5
     5     3

clear D
(A+B)+C

ans =

    -2    11
    14    15

A+(B+C)

ans =

    -2    11
    14    15

2*(A+B)

ans =

     6    12
    18    24

2*A+2*B

ans =

     6    12
    18    24

%SAME%
A*(B+C)

ans =

    24    42
    40    98

A*B+A*C

ans =

    24    42
    40    98

%SAME%
D=zeros(2,4)

D =

     0     0     0     0
     0     0     0     0

E=eye(3,3)

E =

     1     0     0
     0     1     0
     0     0     1

E=E*5

E =

     5     0     0
     0     5     0
     0     0     5

F=ones(2,2)

F =

     1     1
     1     1

F=F*3

F =

     3     3
     3     3

Z=[A zeroes(2,2) zeroes(2,2);zeroes(2,2) B zeroes(2,2);zeroes(2,2) zeroes(2,2) C]
{Undefined function or variable 'zeroes'.
} 
Z=[A zeros(2,2) zeros(2,2);zeros(2,2) B zeros(2,2);zeros(2,2) zeros(2,2) C]

Z =

     2     4     0     0     0     0
     6     8     0     0     0     0
     0     0     1     2     0     0
     0     0     3     4     0     0
     0     0     0     0    -5     5
     0     0     0     0     5     3

Z(6,:)=[]

Z =

     2     4     0     0     0     0
     6     8     0     0     0     0
     0     0     1     2     0     0
     0     0     3     4     0     0
     0     0     0     0    -5     5

Z(:,6)=[]

Z =

     2     4     0     0     0
     6     8     0     0     0
     0     0     1     2     0
     0     0     3     4     0
     0     0     0     0    -5

Z(1:2,1:2)

ans =

     2     4
     6     8

Z(5,5)=4

Z =

     2     4     0     0     0
     6     8     0     0     0
     0     0     1     2     0
     0     0     3     4     0
     0     0     0     0     4

Z(13)

ans =

     1

Z(12,1)=1

Z =

     2     4     0     0     0
     6     8     0     0     0
     0     0     1     2     0
     0     0     3     4     0
     0     0     0     0     4
     0     0     0     0     0
     0     0     0     0     0
     0     0     0     0     0
     0     0     0     0     0
     0     0     0     0     0
     0     0     0     0     0
     1     0     0     0     0

diary off
